1 14559129100000000000
2 19078653200000000000
3 18653256200000000000
4 18525853900000002048
5 16885258300000000000
6 14709525400000000000
7 14570990200000000000
8 14624019600000000000
9 21771393400000000000
10 17552939900000000000
11 19662212000000000000
12 21404104400000000000
13 20783706300000002048
14 21744457900000002048
15 19259208099999997952
16 21160515800000000000
17 19400288700000002048
18 21689396400000000000
19 19017933600000000000
20 33662852300000002048
21 14756527800000000000
22 17013891200000000000
23 18704015100000002048
24 18818522700000002048
25 19173921800000000000
26 14726839100000000000
27 20873575600000000000
28 14573803700000000000
29 32400280000000000000
30 21902072700000002048
31 30249844000000000000
32 18716206700000002048
33 17437080500000000000
34 14657566900000000000
35 14773359700000000000
36 14575458000000000000
37 14565585100000000000
38 14735173300000000000
39 34371050800000000000
40 14564985300000000000
41 34819818899999997952
42 19016099900000002048
43 14751834700000000000
44 31556615500000002048
45 14657566900000000000
46 21658634499999997952
47 17422260500000000000
48 14759940400000000000
49 16942602800000000000
50 35999623500000002048
51 15571969300000000000
52 17803380600000000000
53 14765090900000000000
54 18427196800000000000
55 17477453700000000000
56 14758161500000000000
57 20984529400000000000
58 33956314499999997952
59 14562773300000000000
60 21124699000000000000
61 20703549699999997952
62 18953830400000000000
63 21667792899999997952
64 17586564600000000000
65 21195529299999997952
66 18315243000000000000
67 14891467400000000000
68 14776935900000000000
69 21957940099999997952
70 21461985200000000000
71 19889730899999997952
72 18498592099999997952
73 17578428700000000000
74 21347755500000002048
75 21619480099999997952
76 14563261700000000000
77 15941770100000000000
78 18744571800000000000
79 21788212300000002048
80 21856627500000002048
81 36079669800000000000
82 30023528300000002048
83 21690678400000000000
84 21618755200000000000
85 14894580800000000000
86 14569452800000000000
87 14537599300000000000
88 19123279100000002048
89 14555514200000000000
90 14743532600000000000
91 14759445000000000000
